mysteryGenome_1,mysteryGenome_2,mysteryGenome_3,mysteryGenome_4,mysteryGenome_5,mysteryGenome_6,mysteryGenome_7,mysteryGenome_8
0.000636747,0.059367288,0.056387857,0.074164269,0.042028703,0.061301364,0.076283645,0.033825904
0.059367288,0.00062397,0.065503229,0.086240214,0.052850924,0.069963082,0.058378222,0.061723003
0.056387857,0.065503229,0.000624731,0.085385912,0.050749692,0.063825451,0.045923838,0.045453578
0.074164269,0.086240214,0.085385912,0.000622857,0.072299101,0.08141392,0.074232341,0.069501348
0.042028703,0.052850924,0.050749692,0.072299101,0.000626623,0.057829856,0.055428935,0.049104805
0.061301364,0.069963082,0.063825451,0.08141392,0.057829856,0.000624268,0.061444126,0.047943205
0.076283645,0.058378222,0.045923838,0.074232341,0.055428935,0.061444126,0.000626807,0.034667464
0.033825904,0.061723003,0.045453578,0.069501348,0.049104805,0.047943205,0.034667464,0.000626664
