mysteryGenome_1,mysteryGenome_2,mysteryGenome_3,mysteryGenome_4,mysteryGenome_5,mysteryGenome_6,mysteryGenome_7,mysteryGenome_8
0.0006369498094678363,0.06120253227451982,0.058040062731080304,0.0770584564008411,0.04293746283799806,0.06326079271364597,0.07935022957518117,0.034411237405457
0.06120253227451982,0.0006241647502969216,0.06774710741619173,0.0901875582627751,0.054298778966578844,0.07253099684853798,0.060151594586457406,0.06371006759998891
0.058040062731080304,0.06774710741619173,0.0006249262257245013,0.08925306442175192,0.05208275540359378,0.06595333591616098,0.0470117763388938,0.046519002111597
0.0770584564008411,0.0901875582627751,0.08925306442175192,0.0006230510560048123,0.07504590526010604,0.08491966069970744,0.07713198402603161,0.0720346515843844
0.04293746283799806,0.054298778966578844,0.05208275540359378,0.07504590526010604,0.0006268194102465175,0.05956940075805749,0.05702435400284074,0.050351427557087804
0.06326079271364597,0.07253099684853798,0.06595333591616098,0.08491966069970744,0.05956940075805749,0.000624462936400544,0.06341288929886103,0.049130587356830714
0.07935022957518117,0.060151594586457406,0.0470117763388938,0.07713198402603161,0.05702435400284074,0.06341288929886103,0.0006270035256342959,0.03528264011183168
0.034411237405457,0.06371006759998891,0.046519002111597,0.0720346515843844,0.050351427557087804,0.049130587356830714,0.03528264011183168,0.0006268604359549616
